cl lp,4,4,9,-2,2
cl mp,9,3,14,-4,-1
cl hp,10,6,16,-4,1
cl lk,7,4,8,-1,2
cl mk,9,3,14,-3,0
cl hk,13,4,16,-2,2
cr lp,9,4,11,-4,-1
cr mp,12,3,16,-5,-2
cr hp,14,3,21,-6,-2
cr lk,3,8,12,-9,-6
cr mk,6,11,11,-8,-5
cr hk,10,12,24,-18,0
b. lp,14,5,11,-2,1
b. mp,6,6,11,-3,0
b. hp,5,9,17,-2,2
b. lk,3,4,7,-1,3
b. mk,5,4,12,-2,1
b. hk,6,5,15,-2,2
db. lp,4,3,8,0,3
db. mp,5,5,6,3,6
db. hp,7,5,10,3,7
db. lk,5,6,7,-2,1
db. mk,6,5,11,-2,1
db. hk,12,3,20,-5,0
fire lp,14,95,48,-8,-4
fire mp,14,57,48,-8,0
fire hp,14,43,48,-8,0
fire ex,14,0,42,1,4
flame lp,15,23,22,-6,0
flame mp,17,27,16,-1,0
flame hp,34,32,13,2,0
flame ex,14,32,13,2,0
super lp,4,14,21,-5,0
super mp,4,23,21,-9,0
super hp,4,47,21,-17,0
ultra 1,12,142,13,44,0
ultra 2,5,7,9,0,0